60
96
40
0 15 14
1 7 13
2 1 12
3 14 12
4 16 12
5 17 12
6 1 11
7 7 10
8 10 10
9 11 10
10 13 10
11 14 10
12 17 10
13 0 9
14 1 9
15 2 9
16 5 9
17 7 9
18 1 8
19 2 8
20 5 8
21 7 8
22 9 8
23 10 8
24 11 8
25 13 8
26 7 7
27 9 7
28 10 7
29 11 7
30 13 7
31 14 7
32 15 7
33 17 7
34 8 5
35 18 5
36 11 5
37 13 5
38 14 5
39 15 5
40 17 7
41 9 4
42 10 4
43 11 4
44 13 4
45 14 4
46 15 4
47 17 4
48 10 2
49 11 2
50 13 2
51 14 2
52 14 0
53 14 13
54 9 9
55 17 2
56 2 11
57 14 8
58 17 14
59 0 8
0 33 44 0.5
1 47 14 1.0
2 21 47 0.7
3 50 17 1.3
4 14 21 1.3
5 6 26 0.5
6 12 21 1.3
7 16 9 2.0
8 39 0 1.3
9 32 51 0.5
10 28 12 1.5
11 53 8 0.5
12 52 45 0.7
13 3 9 2.0
14 26 2 0.5
15 18 4 2.0
16 41 57 1.3
17 45 39 1.0
18 24 37 0.5
19 33 27 1.5
20 20 41 1.3
21 35 9 1.0
22 28 13 1.0
23 2 12 1.5
24 7 40 0.5
25 2 30 0.7
26 18 56 1.3
27 56 29 0.7
28 26 19 1.5
29 29 25 1.3
30 15 3 1.3
31 21 36 0.5
32 0 17 1.3
33 35 28 2.0
34 19 10 2.0
35 25 35 1.3
36 46 40 2.0
37 9 18 0.7
38 26 22 1.5
39 50 19 0.7
2 13
2 6
6 56
56 15
13 14
14 15
13 59
59 18
18 19
1 2
15 16
15 19
19 20
16 20
16 17
17 21
21 26
1 7
7 17
17 54
54 22
21 22
22 27
7 8
8 23
22 23
23 28
26 34
34 41
41 48
26 27
27 28
28 29
29 30
30 31
31 32
32 33
28 35
29 36
30 37
31 38
32 39
33 40
35 36
36 37
37 38
38 39
39 40
35 42
36 43
37 44
38 45
39 46
40 47
42 43
43 44
44 45
45 46
46 47
42 48
43 49
44 50
45 51
47 55
48 49
49 50
50 51
51 55
48 52
51 52
1 53
53 3
3 11
8 9
9 10
10 11
9 24
10 25
11 57
23 24
24 25
25 57
57 31
11 12
12 33
53 0
0 58
0 4
3 4
4 15
58 5
5 12
4 5