도로개수 : 96개

점 개수 : 60개
(1, 15, 14). (2, 7, 13), (3, 1, 12), (4, 14, 12), (5, 16, 12), (6, 17, 12), (8, 7, 10),
(9, 10, 10), (10, 11, 10), (11, 13, 10), (12, 14, 10), (13, 17, 10), (14, 0, 9),
(15, 1, 9), (16, 2, 9), (17, 5, 9), (18, 7, 9), (19, 1, 8), (20, 2, 8), (21, 5, 8), 
(22, 7, 8), (23, 9, 8), (24, 10, 8), (25, 11, 8), (26, 13, 8), (27, 7, 7), (28, 9, 7), 
(29, 10, 7), (30, 11, 7), (31, 13, 7), (32, 14, 7), (33, 15, 7), (34, 17, 7), (35, 8, 5), 
(36, 18, 5), (37, 11, 5), (38, 13, 5), (39, 14, 5), (40, 15, 5), (41, 17, 7), (42, 9, 4),
(43, 10, 4), (44, 11, 4), (45, 13, 4), (46, 14, 4), (47, 15, 4), (48, 17, 4), (49, 10, 2),
(50, 11, 2), (51, 13, 2), (52, 14, 2), (53, 14, 0), (54, 14, 13), (55, 9, 9), (56, 17, 2),
(57, 2, 11), (58, 14, 8), (59, 17, 14), (60, 0, 8)


3 14
3 7
7 57
57 16
14 15
15 16
14 60
60 19
19 20
2 3
16 17
16 20
20 21
17 21
17 18
18 22
22 27
2 8
8 18
18 55
55 23
22 23
23 28
8 9
9 24
23 24
24 29
27 35
35 42
42 49
27 28
28 29
29 30
30 31
31 32
32 33
33 34
29 36
30 37
31 38
32 39
33 40
34 41
36 37
37 38
38 39
39 40
40 41
36 43
37 44
38 45
39 46
40 47
41 48
43 44
44 45
45 46
46 47
47 48
43 49
44 50
45 51
46 52
48 56
49 50
50 51
51 52
52 56
49 53
52 53
2 54
54 4
4 12
9 10
10 11
11 12
10 25
11 26
12 58
24 25
25 26
26 58
58 32
12 13
13 34
54 1
1 59
1 5
4 5
5 16
59 6
6 13
5 6

