81
144
20
0 0 0
1 1 0
2 2 0
3 3 0
4 4 0
5 5 0
6 6 0
7 7 0
8 8 0
9 0 1
10 1 1
11 2 1
12 3 1
13 4 1
14 5 1
15 6 1
16 7 1
17 8 1
18 0 2
19 1 2
20 2 2
21 3 2
22 4 2
23 5 2
24 6 2
25 7 2
26 8 2
27 0 3
28 1 3
29 2 3
30 3 3
31 4 3
32 5 3
33 6 3
34 7 3
35 8 3
36 0 4
37 1 4
38 2 4
39 3 4
40 4 4
41 5 4
42 6 4
43 7 4
44 8 4
45 0 5
46 1 5
47 2 5
48 3 5
49 4 5
50 5 5
51 6 5
52 7 5
53 8 5
54 0 6
55 1 6
56 2 6
57 3 6
58 4 6
59 5 6
60 6 6
61 7 6
62 8 6
63 0 7
64 1 7
65 2 7
66 3 7
67 4 7
68 5 7
69 6 7
70 7 7
71 8 7
72 0 8
73 1 8
74 2 8
75 3 8
76 4 8
77 5 8
78 6 8
79 7 8
80 8 8
0 0 3 1
1 5 2 0.7
2 4 1 1.3
3 5 10 2
4 4 13 1.5
5 0 14 1
6 14 1 0.7
7
8
9
10
11
12
13
14
15
16
17
18
19
0 1 
0 9
1 2
1 10
2 3
2 11
3 4
3 12
4 5
4 13
5 6
5 14
6 7
6 15
7 8
7 16
8 17
9 10
9 18
10 11
10 19
11 12
11 20
12 13
12 21
13 14
13 22
14 15
14 23
15 16
15 24
16 17
16 25
17 26
18 19
18 27
19 20
19 28
20 21
20 29
21 22
21 30
22 23
22 31
23 24
23 32
24 25
24 33
25 26
25 34
26 35
27 28
27 36
28 29
28 37
29 30
29 38
30 31
30 39
31 32
31 40
32 33
32 41
33 34
33 42
34 35
34 43
35 44
36 37
36 45
37 38
37 46
38 39
38 47
39 40
39 48
40 41
40 49
41 42
41 50
42 43
42 51
43 44
43 52
44 53
45 46
45 54
46 47
46 55
47 48
47 56
48 49
48 57
49 50
49 58
50 51
50 59
51 52
51 60
52 53
52 61
53 62
54 55
54 63
55 56
55 64
56 57
56 65
57 58
57 66
58 59
58 67
59 60
59 68
60 61
60 69
61 62
61 70
62 71
63 64
63 72
64 65
64 73
65 66
65 74
66 67
66 75
67 68
67 76
68 69
68 77
69 70
69 78
70 71
70 79
71 80
72 73
73 74
74 75
75 76
76 77
77 78
78 79
79 80